Samples	allele	chr	pos	cm	Z001E0001	Z001E0002	Z001E0003	Z001E0004	Z001E0005	Z001E0006	Z001E0007	Z001E0008	Z001E0009	Z001E0010	Z001E0012	Z001E0013	Z001E0014	Z001E0015	Z001E0016	Z001E0017	Z001E0018	Z001E0019	Z001E0020	Z001E0021	Z001E0022	Z001E0023	Z001E0024	Z001E0025	Z001E0027	Z001E0028	Z001E0030	Z001E0031	Z001E0032	Z001E0033	Z001E0034	Z001E0036	Z001E0037	Z001E0038	Z001E0039	Z001E0040	Z001E0041	Z001E0042	Z001E0043	Z001E0044	Z001E0045	Z001E0046	Z001E0047	Z001E0048	Z001E0049	Z001E0050	Z001E0051	Z001E0052	Z001E0053	Z001E0054	Z001E0055	Z001E0056	Z001E0057	Z001E0058	Z001E0059	Z001E0060	Z001E0061	Z001E0062	Z001E0063	Z001E0064	Z001E0065	Z001E0067	Z001E0068	Z001E0069	Z001E0070	Z001E0071	Z001E0072	Z001E0073	Z001E0074	Z001E0075	Z001E0077	Z001E0078	Z001E0079	Z001E0080	Z001E0081	Z001E0082	Z001E0083	Z001E0085	Z001E0086	Z001E0087	Z001E0088	Z001E0089	Z001E0090	Z001E0091	Z001E0092	Z001E0093	Z001E0094	Z001E0095	Z001E0096	Z001E0097	Z001E0098	Z001E0099	Z001E0100
Chr1_1963154	NA	1	1963154	NA	0.037	1	0	0	0	1	1	0	1	0	1	0	1	0.5	1	0	0	0.009	0.051	1	0	1	1	1	0	0	1	1	1	1	1	0	0.5	1	1	0.5	1	1	0	1	1	0	1	0.5	0.5	1	1	0	0.5	0	0	0.991	1	1	1	0	0	1	1	1	0.5	0	0.5	1	0	1	1	1	0	1	0	1	1	1	1	0	0.5	0.963	1	1	1	0	1	0.5	1	1	0	0	0	1	0	1	0
Chr1_2941320	NA	1	2941320	NA	0.028	1	0	0	0	1	1	0	1	0	1	0	1	1	1	0	0	0	0.042	1	0	1	0	1	0	0	1	1	1	1	1	0	0.5	1	1	0.5	1	1	0	1	1	0	1	0.5	0.5	1	1	0	0.5	0	0	1	1	1	1	0	0	1	1	1	0.5	0	0.5	1	0	1	1	1	0.05769	1	0	1	1	1	1	0	0.5	0.972	1	1	0.5	0	1	0.5	0.756755	1	0	0	0	1	0	1	1
Chr1_3733167	NA	1	3733167	NA	0	1	0	0	0	1	1	0	1	0	1	0	1	1	1	0	0	0	0.014	1	0	1	0	1	1	0	1	1	1	1	1	0	0.5	1	1	0.5	1	1	0.5	1	1	0	1	0.40476	1	1	1	0	0.5	0	0	0	1	1	1	0	0	1	1	1	0.5	0	0.5	1	0	1	1	1	0.23718	1	0	1	1	1	1	0	0.5	1	1	1	0.5	0	1	0.5	0	1	0	0	0	0	0	1	1
Chr1_4446791	NA	1	4446791	NA	0	1	0	0	0	1	1	0	1	0	1	0	1	1	1	0	0	0	0	1	0	1	0	1	1	0	1	1	1	1	1	0	0.5	0	1	0.5	1	1	0.5	1	1	0	1	0.357145	1	1	1	0	0.5	0	0	0	1	1	1	0	0	1	1	1	0.558825	0	0.5	1	0	1	1	1	0.326925	1	0	1	1	1	1	0	0.5	1	0	1	0.5	0	1	0.5	0	1	0	0	0	0	0	1	1
Chr1_5589651	NA	1	5589651	NA	0	1	0	0	0	1	1	0	1	0	1	0	1	1	1	0	0.5	0	0	1	0	1	0	0	1	0	1	1	1	1	0.81301	0	0.5	0.438095	0	0.5	1	1	0.5	1	1	0	1	0.20068	1	1	1	0	0.5	0	0	0	1	0	1	1	0	1	0	1	0.7521	0	0.5	1	0	1	1	1	0.621795	1	0	1	1	1	1	1	0.5	0	0	1	0.28095	1	1	1	0	0.5	0	0	0	0.438095	0	0	1
Chr1_6234332	NA	1	6234332	NA	0	1	0.305085	0	0	1	0.694915	0	1	0	1	0	1	1	1	0	0.5	0	0	1	0	0.84746	0.305085	0.305085	1	0	1	1	1	1	0.739835	0	0.5	0.609525	0.116885	0.34746	1	0.694915	0.5	1	1	0	0.694915	0.139455	0.694915	1	1	0	0.5	0	0	0	1	0	1	1	0	1	0.305085	1	0.82773	0	0.5	1	0.305085	1	1	0.694915	0.73718	1	0	0.694915	1	1	1	1	0.34746	0	0	1	0.19524	0.84746	1	1	0	0.5	0	0	0	0.609525	0.305085	0	1
Chr1_7193713	NA	1	7193713	NA	0	1	0.62712	0	0	1	0.37288	0	1	0	1	0	1	1	1	0	0.5	0	0	1	0	0.68644	0.62712	0.62712	1	0	1	1	1	1	0.6626	0	0.5	0.790475	0.24026	0.18644	1	0.37288	0.5	1	1	0	0.37288	0.07483	0.37288	1	1	0	0.5	0	0	0	1	0	1	1	0	1	0.62712	1	0.907565	0	0.5	1	0.62712	1	1	0.37288	0.858975	1	0	0.37288	1	1	1	1	0.18644	0	0	1	0.10476	0.68644	1	1	0	0.5	0	0	0	0.790475	0.62712	0	1
Chr1_8351543	NA	1	8351543	NA	0	1	1	0	0	1	0	0	1	0	1	0	1	1	1	0	0.5	0	0	1	0	0.5	1	1	1	0	1	1	1	1	0.57317	0	0.5	1	0.383115	0	1	0	0.5	1	1	0	0	0	0	1	1	0	0.5	0	0	0	1	0	1	1	0	1	1	1	1	0	0.5	1	1	1	1	0	1	1	0	0	1	1	1	1	0	0	0	1	0	0.5	1	1	0	0.5	0	0	0	1	1	0	1
Chr1_8353076	NA	1	8353076	NA	0	1	1	0	0	1	0	0	1	0	1	0	1	1	1	0	0.5	0	0	1	0	0.5	1	1	1	0	1	1	1	1	0.57317	0	0.5	1	0.383115	0	1	0	0.5	1	1	0	0	0	0	1	1	0	0.5	0	0	0	1	0	1	1	0	1	1	1	1	0	0.5	1	1	1	1	0	1	1	0	0	1	1	1	1	0	0	0	1	0	0.5	1	1	0	0.5	0	0	0	1	1	0	1
Chr1_8558256	NA	1	8558256	NA	0	1	1	0	0	1	0	0	1	0	1	0	1	1	1	0	0.5	0	0	1	0	0.5	1	1	1	0	1	1	1	1	0.54878	0	0.5	0.666665	0.42208	0	1	0	0.5	1	1	0	0	0	0	1	1	0	0.666665	0	0	0	1	0	1	1	0	1	1	1	1	0	0.433335	1	1	1	1	0	1	1	0	0	1	1	1	1	0	0	0	1	0.333335	0.5	1	1	0	0.5	0	0	0	1	1	0	1